
SALVATAGGIO 1
--------------------------------------------------
Array 1:
[ 0.          0.20408163  0.40816327  0.6122449   0.81632653  1.02040816
  1.2244898   1.42857143  1.63265306  1.83673469  2.04081633  2.24489796
  2.44897959  2.65306122  2.85714286  3.06122449  3.26530612  3.46938776
  3.67346939  3.87755102  4.08163265  4.28571429  4.48979592  4.69387755
  4.89795918  5.10204082  5.30612245  5.51020408  5.71428571  5.91836735
  6.12244898  6.32653061  6.53061224  6.73469388  6.93877551  7.14285714
  7.34693878  7.55102041  7.75510204  7.95918367  8.16326531  8.36734694
  8.57142857  8.7755102   8.97959184  9.18367347  9.3877551   9.59183673
  9.79591837 10.        ]

Array 2:
[0.45523905 0.83115256 0.92022928 0.10949043 0.1089286  0.65900528
 0.46999554 0.91862906 0.73950039 0.18504661 0.24417242 0.22534544
 0.03408725 0.65012417 0.64366032 0.98247049 0.35494376 0.35491899
 0.77980544 0.5814778  0.63778902 0.52022737 0.57616971 0.53790975
 0.1168095  0.52828539 0.6743246  0.39272541 0.10859994 0.56837093
 0.97913741 0.28868974 0.12564832 0.15972977 0.6164423  0.42891016
 0.12203936 0.82829228 0.4899449  0.19120673 0.98819363 0.59308433
 0.05222989 0.39881095 0.65607972 0.95575265 0.55205586 0.05463881
 0.72271059 0.27140144]

Array somma:
[ 0.45523905  1.0352342   1.32839255  0.72173533  0.92525513  1.67941344
  1.69448534  2.34720049  2.37215345  2.02178131  2.28498875  2.4702434
  2.48306684  3.3031854   3.50080318  4.04369498  3.62024988  3.82430675
  4.45327483  4.45902882  4.71942168  4.80594165  5.06596563  5.2317873
  5.01476868  5.63032621  5.98044705  5.90292949  5.82288565  6.48673827
  7.10158639  6.61522035  6.65626056  6.89442364  7.55521781  7.5717673
  7.46897813  8.37931269  8.24504694  8.1503904   9.15145893  8.96043127
  8.62365846  9.17432115  9.63567156 10.13942612  9.93981096  9.64647554
 10.51862896 10.27140144]

Somma totale: 274.38443332290797
Somma elementi maggiori di 5: 215.83533690126862
